2 27 2598 2344 4682 4669 4698 4739 4803 1897 4854 2694 4899 1920 5013 2778 5111 5150 444 5232 5274 2130 5359 5399 5423 5458 1811 1552 1573 
2 23 5602 1573 5547 5546 2343 2755 1020 1107 5352 5314 1789 5216 5184 2177 1858 5061 1048 4976 4935 4898 277 2218 4785 
2 15 6186 287 6091 6051 1193 2376 1759 5925 158 2670 5834 5798 5764 2825 2015 
1 17 5216 5185 1494 268 5118 1608 2104 2778 5079 762 1893 5052 5017 4988 4954 1662 4882 
1 13 4739 2282 4681 617 4614 4612 1223 233 2473 4522 4515 826 4441 
1 23 1694 4926 423 4844 2838 4771 2627 1620 4650 4619 4569 4526 2519 2492 4430 4413 4369 4328 4311 1111 4282 4248 4223 
3 14 1073 1028 4391 4436 858 1690 4483 1207 4540 2848 4541 4511 2880 4571 
2 15 4469 4506 4534 4562 4529 2497 2446 4510 4528 493 4548 2133 4477 4450 1341 
1 8 1341 1862 4349 4316 4283 2405 4214 1863 
2 3 457 4558 4540 
3 10 4540 4558 2243 2332 4628 4634 4666 4700 4740 4741 
4 6 4365 4345 1028 4364 4405 1073 
3 14 4558 457 4620 4654 4683 11433 4728 4783 2366 4815 4848 4873 4885 4917 
2 12 2074 4239 4267 4230 4250 2565 4336 4352 4372 2248 2065 4340 
1 7 1578 4864 4890 2172 4858 4885 4873 
1 7 5071 2636 4978 4981 4955 2334 4873 
1 10 5057 5018 1946 2624 4873 1256 4830 4815 870 4873 
1 9 2500 4806 4807 4795 2366 4783 804 4825 4858 
5 3 329 741 4740 
2 4 4666 4665 1584 4683 
1 9 329 1742 952 24 4784 4776 2286 4684 4659 
1 3 4741 1836 4675 
1 3 2521 5618 5602 
2 10 5532 1835 903 2046 5536 1751 5545 182 2717 2343 
1 26 2627 4692 891 1689 2220 4588 2606 4549 859 4497 1787 4435 984 4411 916 1055 4276 4300 4321 261 2589 4309 87 4288 2434 4223 
1 38 4288 2451 4374 4426 2841 4478 1002 2712 4531 2606 4610 2612 4686 4723 4736 4777 374 4802 4821 4853 4889 4934 2109 1305 645 5086 5128 2528 5175 5195 5231 5265 5306 174 5371 2023 5448 1835 
1 16 5195 5169 1622 5089 2650 4998 348 1694 2070 4935 4940 341 1454 4966 4980 2217 
1 4 2652 2103 4834 1256 
1 7 1690 63 4392 4359 1896 4278 2074 
2 38 4579 2781 4544 4447 4438 2661 196 4400 2106 4331 4292 1431 4222 831 1899 4134 4106 4105 4079 3992 1871 2392 3950 3926 3895 28 1771 3825 2006 1913 3816 49 2688 3889 3911 3936 3954 3972 
2 4 3950 3976 3989 3992 
1 17 3926 3914 880 392 3849 3824 710 2348 3766 3732 3713 1512 3615 3577 3540 2188 3549 
1 7 1787 1655 121 4615 1038 689 2571 
1 10 5293 5310 2266 5352 5378 5392 5417 5449 5466 1835 
1 6 5380 5415 5418 2539 2278 5399 
1 8 5602 5643 5686 5694 5724 1888 2064 5679 
1 29 196 2324 4330 4296 2422 4252 4212 339 4140 4114 1181 1281 4050 584 4036 1436 4086 4104 4133 4175 4205 4256 4280 1114 4281 1003 399 2647 4330 
1 65 3936 1544 3967 1169 3977 2268 3945 3946 906 3899 2870 3841 2430 3772 967 1597 3578 3587 3558 1973 995 3534 3510 915 3461 1065 1818 3374 2145 2791 652 3296 3276 3265 3262 2522 3261 336 3274 1561 3312 2858 3354 2616 3416 1984 3444 528 3428 3407 1087 3429 1209 3450 3481 2419 3542 2296 3565 454 3680 3720 3709 3754 2006 
1 39 3766 1037 1076 2062 3753 3771 3765 2754 3821 3802 3758 3729 3731 3707 3662 3631 3592 1522 3524 2297 3469 3442 1501 1530 2417 3316 3304 2445 3309 3326 3342 1249 2746 1161 3443 2790 2538 3515 3540 
3 6 4644 2760 4617 4647 4677 1023 
2 10 246 558 559 699 932 1854 427 669 5366 5385 
2 30 246 1315 1159 2888 1259 514 521 925 1085 1974 100 2073 928 3985 2327 1089 125 898 53 3422 184 2570 131 3249 538 1713 931 3215 2827 1242 
1 13 246 5492 5420 1039 1237 5590 5491 623 71 226 2246 173 5839 
1 12 246 558 5569 91 847 159 1523 633 1082 1869 413 1740 
1 14 2073 2752 3979 415 155 1056 834 401 130 523 1322 3256 166 1371 
1 9 2888 458 118 135 41 304 1376 1094 4373 
1 9 2888 318 809 810 4678 4622 552 4696 4796 
1 8 2327 896 142 1310 366 1555 387 2061 
1 35 220 934 273 2721 110 2991 545 613 1432 3024 1053 257 2110 1633 2126 1698 1021 301 3008 462 1064 1952 2952 292 2974 1034 625 1030 3021 3044 997 247 2351 3095 315 
1 15 220 612 468 2867 405 229 3181 1617 278 1639 806 942 2879 700 1371 
1 12 220 597 751 81 36 1607 948 1939 1379 349 1067 384 
1 21 278 3195 303 3208 606 2866 293 768 1785 644 250 30 1930 3249 291 1753 500 1409 2480 1827 2061 
1 31 278 3188 3180 3172 364 446 919 197 27 3168 83 470 653 2815 1499 478 1797 160 701 3132 181 1152 481 98 373 793 1837 88 2351 3095 315 
1 13 1499 1998 632 201 900 922 2271 2018 141 1024 2785 127 1813 
1 6 1030 217 240 1098 472 2355 
1 9 220 2408 1130 2946 717 2032 691 1027 2913 
1 19 792 1016 1539 2086 1988 280 3167 381 1379 398 1664 293 1351 377 3232 1444 460 1669 523 
1 14 2271 628 841 3197 2067 508 5 1918 638 330 237 843 3216 3217 
1 10 2110 1638 2729 1712 2938 620 1035 2929 51 1141 
1 8 2018 84 57 616 129 497 471 756 
1 4 793 895 2095 1636 
1 6 4382 697 4460 4466 4494 2473 
1 5 2317 2595 4744 1434 2500 
1 21 4629 4594 4608 2442 4595 4623 4656 2655 4735 4703 4714 4734 1879 179 4641 1677 4660 4637 4606 2569 4607 
1 12 4186 4155 823 1416 4065 4057 1518 4074 4080 2618 4131 4162 
3 35 3053 3048 3043 3030 2028 3012 708 3011 3007 3003 2995 1600 3004 2502 1640 3017 3023 1963 1435 3042 3054 3071 3081 3091 308 3108 808 1914 3098 2035 3107 3100 1817 1937 3064 
1 2 3064 3053 
1 6 869 3061 3077 3088 2035 3107 
1 5 869 1917 1825 1963 1435 
1 8 869 3041 3050 3059 3049 3053 3048 3043 
1 4 869 2323 602 1600 
1 13 6386 6368 2873 2369 6280 6282 6264 6245 1109 6216 6195 905 6140 
1 3 6195 6169 6175 
1 9 6175 6179 6170 1182 1430 6176 86 6106 6066 
1 6 6175 1680 6094 1421 2068 825 
1 29 6342 1261 6407 1889 6460 6486 2603 6522 6514 1402 6566 640 6536 2610 1124 6462 6499 6498 6494 766 6513 6525 6544 2179 1900 769 6614 6630 2887 
1 15 6562 743 6571 1767 6573 2072 1704 520 165 6616 6613 334 6620 6603 6609 
1 9 6741 6744 2726 6738 6740 6743 6745 887 6734 
1 7 2726 6748 2807 6753 6754 6755 1965 
1 5 6738 6732 1994 1950 2312 
1 10 6648 1612 6657 6664 6671 6679 6684 2830 2262 6696 
1 13 1663 1575 2272 2313 1308 2687 6700 6692 2336 6678 6681 6683 6672 
1 12 6692 68 6682 6680 6669 6663 829 670 6652 871 802 6641 
1 4 670 6647 6642 2788 
1 7 1040 6490 6484 6512 6526 2892 6540 
1 5 6566 2201 6594 1510 6577 
1 5 6342 6336 2554 6371 6392 
1 4 5419 5384 5341 5308 
1 3 5519 5512 5475 
1 10 480 190 1463 3672 2509 3575 3552 1466 3465 1774 
1 6 480 3868 2740 172 3939 3938 
1 11 480 3869 1739 1676 3932 2131 1520 2476 4000 4008 635 
1 24 480 3814 3806 2596 3778 2894 3655 1368 3621 3582 2038 3522 982 3483 300 3487 2896 2719 3426 1230 3394 3385 3358 3335 
1 22 1774 3431 3419 3404 1572 3384 338 3405 3397 3393 3381 2302 3346 3355 3356 3357 3340 3325 1502 2628 1477 1230 
1 21 2476 2139 3957 3934 2883 3892 3871 485 2281 3775 2865 2818 3684 908 3636 2356 3530 1997 3455 2611 1230 
2 27 5662 2015 1012 5705 1487 5693 5685 5656 5650 5627 5588 5560 5535 2840 5472 5507 5506 944 5608 5633 5697 440 2183 5715 2630 5669 5627 
1 3 1803 5564 5560 
2 16 5602 5625 1153 1224 2834 740 2053 5595 5567 5536 2046 1189 5561 5588 1303 1803 
1 23 5602 1573 1552 1811 5458 5423 2050 5327 5274 5232 444 5119 762 1938 1920 4899 2694 4854 1897 4803 4739 4698 4669 
1 18 5602 1573 5547 5546 2343 2755 1020 1107 5352 5314 1789 5216 2461 5157 5129 5095 566 5015 
1 16 5602 5643 5662 2825 5764 5798 5834 2670 158 5925 1759 2376 1193 6051 6091 287 
1 5 762 1893 5052 5053 999 
1 10 762 5079 5111 5142 1608 5118 268 1494 5185 5216 
1 13 4739 2282 4681 617 4614 4612 1223 233 2473 4522 4515 826 4499 
1 20 5015 1694 4926 423 4844 2838 4771 2627 1620 4650 4619 4569 4526 2519 2492 248 4403 1577 4310 4223 
3 12 1073 1028 4391 4436 858 1690 4483 1207 4540 2848 4541 2880 
2 14 4469 4506 4534 4562 2497 2446 4510 4528 493 4548 2133 4477 4450 4419 
1 7 4390 4351 4316 4283 2405 4214 1863 
1 16 1565 1174 4472 1590 4428 4404 4377 4348 4315 976 123 4178 4159 509 1314 2 
2 18 6386 6368 2873 6308 6291 6280 6282 6264 6245 1109 6202 6195 905 6140 6093 6115 6052 6092 
1 14 6062 6029 1570 6013 2170 6106 6124 1843 1182 619 6179 6175 6169 905 
2 13 6319 6342 6344 6366 6407 1889 6460 6486 6531 6541 6522 6514 1402 
1 2 1566 6514 
1 9 6566 1402 2771 640 6536 6517 2610 1124 6462 
1 4 1566 1594 2189 6536 
1 15 6472 1783 6526 6535 1564 6556 2847 6525 6544 6561 1900 769 6619 6630 6638 
1 7 6525 6513 766 6494 6498 6499 6462 
1 6 6573 2072 1704 520 6571 743 
1 13 520 165 6616 6613 334 6620 6609 6603 6575 6554 6537 1551 6505 
1 10 1734 6741 6744 6748 1554 6746 6743 6745 887 6734 
1 2 6748 306 
1 5 6730 1994 6732 6737 1734 
1 23 2262 2830 6684 6677 6668 6661 2298 2390 1484 6651 1612 6655 1329 6654 6656 829 6663 6669 6680 2418 6673 6675 6678 
1 7 6680 6682 68 6692 6693 2687 1493 
1 5 6680 2489 6687 1308 2687 
1 28 5650 5669 2630 5715 5698 440 5667 5633 5608 944 5506 5507 5472 2840 5511 5532 5561 5589 5650 5656 5685 5693 1487 5705 1012 2015 5662 5643 
1 8 847 109 791 1727 2759 6246 305 6309 
1 11 4036 4017 1815 3971 3952 3925 1419 3863 873 1037 3766 
1 7 49 913 2869 1342 551 3603 995 
1 2 4186 4162 
2 4 4548 1565 4560 136 
2 10 136 4472 1590 4414 1362 4322 11418 4274 1887 1314 
2 3 136 4551 4582 
1 6 4315 2255 4322 4302 1372 459 
1 2 4196 459 
1 2 4315 4357 
1 2 976 4313 
1 2 976 123 
1 2 4294 4273 
1 2 4236 4273 
1 2 1243 4171 
1 2 2690 1580 
1 2 4096 4120 
1 2 1382 4066 
1 4 4100 4107 4108 4101 
1 4 4054 4082 4108 4138 
1 4 2074 4180 4154 4129 
1 3 4129 4153 1983 
1 4 1983 4176 1345 4152 
1 5 4152 4118 4081 4063 635 
1 3 3978 1711 2605 
1 3 2605 1063 4056 
1 6 4056 2875 2412 1596 4197 4211 
1 8 4211 4173 1177 4146 4112 4103 4126 4160 
1 9 4160 1343 4174 236 4231 4261 4304 4323 4340 
1 5 4323 4360 4407 4437 4468 
1 4 4468 2382 4502 4511 
2 10 4683 2654 4664 4658 4670 897 1420 4643 2730 493 
1 4 897 4708 4727 1434 
1 5 4582 4559 4592 4627 2317 
1 7 4316 4351 4390 2383 1967 4482 4500 
1 4 4741 2723 1344 24 
1 3 4634 1370 4621 
2 3 4129 2660 4064 
1 7 4064 4034 1702 3988 3963 2561 2883 
2 10 4985 5005 5035 5076 1609 2174 5213 1829 2346 2794 
1 8 2794 5374 2330 5402 872 2054 2597 5324 
1 6 872 5469 93 5523 2333 5562 
2 6 2794 5412 5440 5470 5510 323 
2 3 2794 5403 2665 
1 7 4985 773 5067 2886 116 5115 657 
1 5 657 5147 1627 5173 5148 
1 7 2665 1945 5435 5441 5479 5480 5514 
2 3 5514 5527 154 
2 2 154 2682 
1 5 2682 2897 5611 5640 5655 
1 3 5655 5684 5702 
1 2 1735 2642 
1 2 2642 5919 
1 7 6171 6108 344 6025 5986 1776 5919 
1 4 5702 5730 2679 5778 
1 4 5778 1929 5820 1735 
1 9 657 5172 5207 5261 106 5356 5388 5369 1729 
2 4 1729 5416 1108 154 
1 4 5702 2122 1391 5608 
1 12 1323 1400 6007 5972 5947 2615 1707 5882 5855 2234 5832 1735 
1 6 1735 5832 2234 2141 2250 5831 
1 5 372 5712 5729 1267 930 
1 3 930 2009 5831 
1 8 372 5754 2365 5843 5875 2198 5970 1323 
1 6 1323 2632 6117 2358 2748 6225 
1 5 6225 1278 2475 1433 6209 
1 6 6209 2413 455 72 1768 6171 
1 6 6171 6165 450 2524 6101 2874 
1 5 5702 5742 1187 5845 5877 
1 8 5877 1191 5920 2577 2186 1870 763 2874 
1 13 5148 5193 2622 1765 838 5407 5445 5481 936 5544 5601 5641 5702 
1 5 1323 6045 6078 2306 6121 
1 2 6121 2835 
1 4 114 6217 1927 1700 
1 2 6121 2835 
1 2 1700 2835 
1 2 1700 2835 
1 6 6343 627 6273 2802 1232 1700 
1 4 6343 6361 6384 2620 
1 2 1700 2835 
1 15 1705 5083 5120 2433 5236 579 5354 5386 5426 5485 5520 2450 5606 5657 720 
1 7 720 108 2518 5825 5873 5895 5923 
1 16 5923 5945 5975 2777 6083 2810 6182 6205 2128 1586 2156 1732 2453 2530 6384 2620 
1 6 2620 6416 6394 6420 1103 6405 
1 7 6405 6413 6412 188 6399 6389 6363 
1 6 323 5638 959 5630 1378 930 
1 7 1705 4967 4931 2299 1856 4835 2758 
1 6 1705 2520 4993 2155 4994 5002 
1 8 5002 4950 2891 4869 4826 4799 2638 1867 
1 4 114 6240 6265 6278 
1 7 5831 5859 5893 2341 2360 5972 6007 
