1 63 
1 108 
1 114 
1 154 
1 277 
1 306 
1 323 
1 329 
1 372 
1 417 
1 493 
1 619 
1 657 
1 752 
1 769 
1 897 
1 905 
1 918 
1 930 
1 952 
1 1043 
1 1073 
1 1153 
1 1323 
1 1493 
1 1554 
1 1566 
1 1573 
1 1595 
1 1612 
1 1655 
1 1705 
1 1708 
1 1720 
1 1729 
1 1734 
1 1735 
1 1920 
1 1944 
1 1949 
1 2084 
1 2104 
1 2172 
1 2174 
1 2201 
1 2234 
1 2262 
1 2473 
1 2500 
1 2521 
1 2628 
1 2654 
1 2665 
1 2682 
1 2758 
1 2794 
1 2840 
1 2874 
1 2883 
1 2894 
1 3437 
1 3560 
1 3774 
1 3818 
1 3875 
1 4250 
1 4309 
1 4336 
1 4340 
1 4364 
1 4391 
1 4436 
1 4458 
1 4511 
1 4529 
1 4540 
1 4590 
1 4592 
1 4598 
1 4610 
1 4628 
1 4665 
1 4682 
1 4683 
1 4698 
1 4741 
1 4770 
1 4784 
1 4795 
1 4808 
1 4815 
1 4863 
1 4873 
1 5002 
1 5017 
1 5128 
1 5148 
1 5324 
1 5352 
1 5359 
1 5481 
1 5497 
1 5514 
1 5546 
1 5562 
1 5602 
1 5611 
1 5627 
1 5643 
1 5702 
1 5728 
1 5778 
1 5923 
1 5972 
1 6062 
1 6106 
1 6171 
1 6209 
1 6225 
1 6278 
1 6291 
1 6343 
1 6384 
1 6407 
1 6459 
1 6462 
1 6494 
1 6505 
1 6559 
1 6571 
1 6573 
1 6616 
1 6656 
1 6678 
1 6680 
1 6730 
1 6745 
1 6771 
