
state={
	id=280
	name="Vahumana_Palace"
	resources={
		tungsten=2.000
		steel=6.000
		chromium=1.000
		oil=5.000
		rubber=1.000
		aluminium=1.000
	}

	history={
		victory_points = {
			2765 50 
		}
		victory_points = {
			3888 10 
		}
		owner = SDH
		buildings = {
			infrastructure = 2
			arms_factory = 1
			industrial_complex = 1
			air_base = 5
			dockyard = 5
			61 = { naval_base = 10 }

		}
		add_core_of = SUM
		add_core_of = VAN
		add_core_of = SGD  add_core_of = SDH  

	}

	provinces={
		19 61 84 104 127 205 213 300 336 366 369 375 421 517 624 719 747 773 821 852 857 922 959 961 965 990 1014 1022 1066 1072 1077 1128 1244 1263 1343 1351 1362 1375 1414 1418 1449 1460 1466 1490 1492 1520 1522 1575 1608 1748 1764 1804 1935 1942 1968 1969 1970 2002 2003 2025 2045 2054 2141 2143 2212 2248 2251 2314 2373 2390 2486 2502 2577 2600 2761 2765 2808 2847 2884 2940 3135 3149 3156 3191 3199 3331 3359 3363 3435 3497 3515 3545 3585 3592 3641 3686 3756 3767 3774 3792 3794 3834 3837 3842 3888 3982 4029 6419 6423 6428 6451 6454 6457 6479 6483 6487 6488 6503 6506 6538 6548 6569 6582 6583 6591 6598 6606 6610 6616 6631 6640 6646 6657 6658 6667 6672 6673 6678 6679 6688 6691 6701 6702 6712 6716 6719 6727 6728 6738 6743 6752 6757 6764 6765 6766 6774 6775 6785 6786 6804 6809 6819 6830 6849 6854 6855 6858 6859 6866 6870 6884 6885 6907 6920 6921 6928 6931 6937 6942 6943 6955 6956 6965 6975 6984 6992 6995 6998 7008 7012 7022 7026 7045 7051 7081 7087 7110 
	}
	manpower=2000000
	buildings_max_level_factor=1.000
	state_category=large_city
	local_supplies=1.000
}
