
state={
	id=321
	name="Knave_Hall"
	resources={
		tungsten=2.000
		steel=6.000
		chromium=1.000
		oil=5.000
		rubber=1.000
		aluminium=1.000
	}

	history={
		victory_points = {
			3687 20 
		}
		owner = SNE
		buildings = {
			infrastructure = 1
			arms_factory = 1
			industrial_complex = 1

		}
		add_core_of = SNE

	}

	provinces={
		26 107 271 342 343 397 427 522 645 744 789 847 949 1088 1091 1108 1195 1310 1313 1317 1339 1370 1374 1388 1401 1478 1504 1533 1554 1668 1747 1915 1936 1966 2015 2053 2154 2275 2300 2307 2321 2417 2433 2538 2591 2618 2865 3097 3124 3151 3197 3280 3335 3400 3409 3464 3687 3703 3740 3911 4019 4560 4566 4574 4593 4599 4602 4614 4626 4632 4641 4642 4643 4653 4656 4662 4667 4669 4686 4703 4710 4717 4718 4724 4734 4735 4736 4742 4746 4755 4764 4784 4799 4807 4809 4822 4835 4849 4853 4854 4864 4866 4867 4871 4876 4893 4898 
	}
	manpower=2000000
	buildings_max_level_factor=1.000
	state_category=large_town
	local_supplies=1.000
}
