
state={
	id=323
	name="Dostoev_Grad"
	resources={
		tungsten=2.000
		steel=6.000
		chromium=1.000
		oil=5.000
		rubber=1.000
		aluminium=1.000
	}

	history={
		victory_points = {
			4387 20 
		}
		owner = SNE
		buildings = {
			infrastructure = 1
			arms_factory = 1
			industrial_complex = 1

		}
		add_core_of = SNE

	}

	provinces={
		139 279 302 525 725 733 823 892 926 1152 1190 1225 1458 1527 1537 1646 1722 1736 1755 1779 1810 1882 2032 2073 2218 2244 2267 2320 2340 2797 2818 2970 2982 3170 3175 3219 3344 3406 3480 3527 3583 3671 3798 3812 3820 3878 3991 4154 4158 4167 4180 4183 4185 4196 4209 4223 4228 4237 4246 4250 4263 4269 4278 4299 4311 4323 4334 4339 4349 4359 4360 4370 4373 4379 4387 4402 4415 4429 4437 4441 4452 4466 4479 4482 4483 4494 4502 4506 4522 4523 4532 4535 4557 4564 
	}
	manpower=2000000
	buildings_max_level_factor=1.000
	state_category=large_town
	local_supplies=1.000
}
