
state={
	id=342
	name="Carthage_City"
	resources={
		tungsten=2.000
		steel=6.000
		chromium=1.000
		oil=5.000
		rubber=1.000
		aluminium=1.000
	}

	history={
		victory_points = {
			197 20 
		}
		owner = NAT
		buildings = {
			infrastructure = 1
			arms_factory = 1
			industrial_complex = 1

		}
		add_core_of = NAT

	}

	provinces={
		194 197 316 326 337 372 458 519 556 557 579 614 763 985 1021 1141 1144 1506 1655 1672 1675 1840 1881 1947 1974 1982 2076 2084 2142 2184 2197 2223 2354 2425 2479 2496 2522 2554 2717 2838 2857 2908 3082 3288 3370 3396 3421 3526 3645 3809 3836 3838 3921 3959 3992 4036 4061 5691 5733 5734 5739 5756 5758 5789 5828 5836 5862 5876 5883 5898 5908 5909 5913 5944 5948 5950 5961 5979 5980 5986 6002 6008 6009 6047 6063 6066 6067 6071 6088 6102 6126 6132 
	}
	manpower=2000000
	buildings_max_level_factor=1.000
	state_category=large_town
	local_supplies=1.000
}
