
state={
	id=337
	name="Azteca_City"
	resources={
		tungsten=2.000
		steel=6.000
		chromium=1.000
		oil=5.000
		rubber=1.000
		aluminium=1.000
	}

	history={
		victory_points = {
			2323 20 
		}
		owner = NAT
		buildings = {
			infrastructure = 1
			arms_factory = 1
			industrial_complex = 1

		}
		add_core_of = NAT

	}

	provinces={
		78 129 329 339 405 636 716 785 875 1420 1430 1495 1511 1512 1553 1705 1716 1831 1975 2052 2132 2323 2505 2506 2720 2728 2804 2827 2995 3040 3047 3071 3073 3122 3252 3300 3340 3484 3578 3708 3709 3736 3753 3790 3879 3899 3933 3949 3958 3984 3989 4050 4051 4067 4959 4989 5013 5018 5051 5057 5074 5083 5084 5085 5109 5110 5140 5143 5144 5151 5152 5159 5174 5175 5180 5209 5213 5233 5257 5258 5265 5282 5285 5311 5314 5327 5332 5376 5398 5444 5476 
	}
	manpower=2000000
	buildings_max_level_factor=1.000
	state_category=large_town
	local_supplies=1.000
}
