
strategic_region={
	id=11
	name="mainland_11"
	provinces={
		14 34 56 72 93 103 106 116 150 154 224 228 230 309 323 332 344 356 368 372 375 391 416 424 425 428 439 450 455 474 506 526 553 554 574 576 611 647 657 684 694 716 763 773 788 838 842 846 855 865 872 930 936 957 959 971 978 989 1009 1049 1054 1080 1102 1108 1115 1133 1140 1154 1168 1170 1178 1187 1191 1210 1246 1250 1255 1257 1267 1268 1274 1275 1278 1285 1288 1294 1296 1313 1323 1338 1354 1357 1378 1380 1390 1398 1400 1404 1405 1406 1408 1410 1414 1422 1428 1433 1445 1451 1473 1485 1495 1508 1513 1537 1541 1545 1557 1579 1582 1585 1602 1605 1609 1614 1624 1627 1628 1629 1630 1644 1646 1650 1654 1660 1668 1672 1674 1687 1688 1696 1701 1707 1726 1729 1730 1735 1746 1748 1754 1765 1768 1776 1808 1819 1829 1840 1846 1857 1859 1860 1861 1870 1875 1881 1882 1891 1915 1929 1932 1945 1948 1953 1985 1996 2008 2009 2016 2030 2045 2054 2102 2105 2122 2141 2144 2154 2161 2162 2174 2176 2186 2192 2198 2216 2219 2229 2232 2234 2237 2239 2242 2249 2250 2258 2260 2264 2265 2276 2305 2307 2308 2322 2330 2333 2341 2346 2347 2352 2358 2360 2365 2373 2380 2393 2398 2400 2406 2411 2413 2455 2463 2475 2481 2485 2524 2529 2543 2546 2552 2555 2558 2566 2567 2577 2579 2597 2600 2601 2614 2615 2622 2632 2639 2642 2648 2657 2665 2672 2673 2679 2682 2734 2737 2748 2751 2757 2772 2794 2805 2811 2836 2861 2862 2868 2874 2877 2886 2897 4814 4827 4828 4832 4836 4851 4852 4857 4859 4866 4874 4888 4892 4897 4909 4910 4921 4924 4925 4929 4932 4933 4939 4942 4943 4944 4945 4951 4952 4957 4962 4964 4965 4969 4972 4973 4974 4975 4984 4985 4986 4991 4992 4997 5003 5004 5005 5006 5010 5011 5012 5014 5026 5031 5034 5035 5039 5040 5045 5046 5047 5056 5059 5066 5067 5076 5077 5078 5085 5092 5093 5094 5098 5099 5109 5110 5115 5121 5122 5133 5134 5135 5145 5146 5147 5148 5156 5160 5161 5162 5167 5168 5171 5172 5173 5179 5183 5193 5194 5196 5197 5199 5200 5201 5202 5206 5207 5213 5214 5220 5225 5226 5228 5229 5234 5240 5247 5248 5249 5254 5259 5260 5261 5263 5264 5267 5271 5278 5285 5286 5290 5295 5296 5297 5303 5304 5305 5319 5322 5323 5324 5325 5331 5332 5335 5336 5337 5338 5339 5342 5344 5355 5356 5357 5358 5362 5363 5367 5368 5369 5373 5374 5375 5376 5388 5390 5391 5396 5401 5402 5403 5406 5407 5408 5410 5411 5412 5416 5427 5428 5432 5434 5435 5439 5440 5441 5442 5445 5451 5456 5462 5465 5469 5470 5479 5480 5481 5488 5494 5495 5501 5505 5510 5513 5514 5516 5517 5521 5523 5524 5527 5533 5534 5537 5538 5539 5540 5541 5542 5544 5549 5553 5556 5557 5559 5562 5563 5565 5566 5571 5572 5580 5583 5584 5586 5592 5593 5594 5599 5600 5601 5610 5611 5616 5620 5621 5622 5623 5629 5630 5632 5638 5639 5640 5641 5647 5648 5653 5654 5655 5659 5660 5661 5671 5677 5678 5682 5683 5684 5688 5689 5702 5704 5706 5712 5713 5714 5717 5721 5727 5729 5730 5733 5734 5740 5741 5742 5748 5749 5754 5755 5761 5762 5767 5769 5770 5771 5778 5785 5786 5787 5794 5795 5800 5802 5803 5807 5808 5811 5812 5819 5820 5821 5827 5830 5831 5832 5833 5836 5843 5844 5845 5846 5847 5855 5859 5860 5861 5864 5869 5870 5871 5875 5876 5877 5878 5882 5884 5890 5893 5896 5903 5904 5905 5909 5911 5914 5915 5918 5919 5920 5921 5924 5932 5933 5934 5935 5938 5939 5940 5947 5948 5949 5950 5954 5956 5961 5965 5966 5967 5970 5972 5973 5977 5978 5979 5980 5986 5987 5990 5991 5992 5993 5994 5999 6000 6001 6003 6004 6005 6007 6008 6009 6010 6017 6018 6019 6025 6026 6033 6034 6035 6036 6039 6040 6041 6045 6047 6048 6049 6050 6056 6061 6065 6069 6070 6079 6080 6081 6082 6085 6090 6101 6102 6108 6111 6112 6117 6122 6123 6127 6135 6136 6138 6139 6152 6153 6160 6165 6171 6184 6193 6194 6201 6209 6210 6220 6225 6226 6228 6231 6236 6237 6242 6243 6244 6253 6261 6266 6267 6279 6283 6302 6306 6307 6313 6318 6324 6330 6339 11449 11452 11455 11456 11458 11459 11462 11463 11464 11467 11469 11470 11472 11473 11474 
	}
	weather={
	}
}
