
strategic_region={
	id=13
	name="sea_and_land_1"
	provinces={
		179 477 742 1118 1235 1316 1511 1677 1685 1717 1824 1849 1879 1908 1956 1971 2034 2338 2362 2374 2378 2442 2526 2533 2537 2569 2617 2651 2655 2707 2708 2724 2781 2808 3227 3229 3231 3233 3234 3235 3237 3240 3242 3244 3251 3254 3273 3280 3291 3323 3339 3345 3362 3477 3518 3537 3573 3595 3996 4011 4038 4059 4072 4077 4092 4124 4164 4242 4243 4244 4262 4264 4287 4305 4320 4327 4329 4346 4353 4361 4366 4367 4368 4380 4384 4386 4398 4399 4401 4409 4410 4418 4421 4423 4429 4431 4432 4439 4453 4462 4463 4465 4474 4485 4487 4488 4489 4492 4504 4512 4517 4519 4524 4525 4536 4544 4545 4552 4556 4568 4575 4579 4580 4587 4594 4595 4606 4607 4608 4609 4623 4629 4637 4638 4641 4656 4660 4685 4691 4703 4709 4713 4714 4734 4735 4750 4751 4755 4764 4769 6942 6962 6981 6982 7056 7159 7325 7372 7445 7495 7512 7558 7599 7632 7721 7847 7974 8086 8162 8227 8277 8307 8390 8413 8439 8440 8548 8714 8840 9157 9240 9252 9288 9332 9345 9503 9736 9751 9757 9798 9837 9848 9856 9946 9991 10058 10262 10272 10365 10382 10435 10463 10505 10609 10620 10635 10660 10677 10978 11007 11025 11031 11033 11065 11067 11072 11073 11088 11423 
	}
	naval_terrain=water_shallow_sea
	weather={
	}
}
