
strategic_region={
	id=17
	name="AIR_17"
	provinces={
		24 63 133 329 457 741 858 952 1028 1073 1207 1234 1265 1270 1330 1344 1370 1514 1584 1651 1690 1742 1757 1836 1865 1902 1949 2026 2132 2146 2184 2212 2243 2286 2332 2389 2497 2508 2584 2623 2649 2654 2723 2824 2848 2880 4335 4345 4359 4364 4365 4371 4391 4392 4405 4406 4417 4436 4469 4473 4483 4484 4500 4501 4502 4506 4507 4511 4529 4534 4535 4537 4540 4541 4558 4562 4567 4571 4598 4603 4604 4620 4621 4628 4634 4654 4658 4659 4664 4665 4666 4670 4671 4675 4683 4684 4700 4706 4733 4740 4741 4761 4762 4767 4776 4779 4780 4784 4797 4817 4846 4879 4883 7891 9712 10483 11425 11436 
	}
	naval_terrain=water_fjords
	weather={
	}
}
