
strategic_region={
	id=20
	name="AIR_20"
	provinces={
		123 434 459 509 567 639 674 749 772 904 976 1131 1214 1243 1314 1348 1369 1372 1382 1540 1569 1580 1598 1643 1716 1799 1887 2116 2255 2287 2288 2397 2404 2409 2483 2486 2504 2542 2637 2653 2690 2795 2842 2856 2893 2903 3982 3993 3999 4001 4002 4005 4006 4012 4015 4018 4019 4029 4030 4031 4032 4039 4043 4048 4053 4054 4055 4060 4061 4062 4066 4069 4070 4071 4075 4078 4082 4083 4087 4093 4096 4097 4100 4101 4107 4108 4117 4120 4125 4128 4137 4138 4143 4147 4151 4156 4159 4165 4166 4171 4178 4179 4195 4196 4202 4203 4220 4221 4224 4229 4234 4235 4236 4258 4263 4266 4272 4273 4274 4294 4301 4302 4306 4312 4313 4315 4322 4338 4343 4348 4357 4358 4376 4377 4389 4396 4404 4416 10331 10355 11412 11413 11415 11418 
	}
	weather={
	}
}
