
strategic_region={
	id=21
	name="AIR_21"
	provinces={
		44 195 233 461 617 697 735 794 826 975 1223 1300 1386 1635 1645 1833 1892 1897 1920 2164 2221 2282 2295 2344 2473 2479 2490 2598 2694 2741 4382 4441 4446 4448 4460 4461 4466 4476 4494 4495 4499 4505 4515 4518 4522 4533 4546 4550 4555 4576 4577 4578 4585 4601 4602 4612 4613 4614 4632 4640 4651 4652 4662 4669 4680 4681 4682 4693 4694 4698 4699 4711 4717 4726 4730 4731 4739 4747 4757 4773 4774 4782 4794 4800 4803 4804 4811 4824 4847 4854 4861 4872 4894 4899 4904 4930 4941 6776 6778 8407 8442 8678 9854 10025 10078 10325 11093 11427 11428 11429 11434 
	}
	naval_terrain=water_fjords
	weather={
	}
}
