
strategic_region={
	id=22
	name="AIR_22"
	provinces={
		12 101 122 268 277 341 417 444 650 677 762 764 867 973 985 999 1032 1048 1160 1176 1215 1244 1454 1494 1534 1608 1625 1662 1752 1760 1789 1858 1893 1938 1982 2093 2104 2130 2177 2197 2217 2218 2238 2293 2350 2368 2426 2457 2461 2515 2527 2675 2683 2697 2778 4765 4772 4785 4793 4840 4845 4867 4871 4876 4877 4878 4882 4907 4911 4912 4915 4916 4940 4947 4953 4954 4959 4966 4980 4987 4988 4999 5000 5008 5013 5016 5017 5023 5024 5027 5028 5036 5042 5049 5051 5052 5053 5061 5079 5081 5087 5096 5107 5111 5117 5118 5119 5125 5129 5136 5138 5142 5143 5150 5157 5170 5176 5180 5184 5185 5186 5192 5198 5210 5216 5217 5227 5232 5245 5251 5256 5269 5274 5280 5281 5293 5300 5315 5327 5328 5347 5348 6779 6780 11447 11453 
	}
	weather={
	}
}
