
strategic_region={
	id=24
	name="AIR_24"
	provinces={
		182 376 421 580 702 712 740 864 1012 1020 1042 1051 1060 1107 1153 1216 1224 1299 1307 1326 1552 1573 1634 1811 1848 1876 1888 2011 2015 2050 2053 2064 2121 2266 2278 2343 2427 2487 2521 2539 2702 2717 2755 2825 2834 2843 2889 5273 5279 5307 5310 5314 5343 5346 5352 5359 5364 5378 5379 5380 5383 5393 5398 5399 5414 5415 5418 5423 5429 5436 5457 5458 5467 5474 5484 5497 5498 5518 5545 5546 5547 5568 5574 5585 5602 5618 5625 5634 5642 5643 5662 5663 5670 5672 5679 5686 5694 5707 5719 5724 5728 5731 5743 5751 5763 5764 5765 5799 11457 11460 11465 11468 
	}
	weather={
	}
}
