
strategic_region={
	id=25
	name="AIR_25"
	provinces={
		158 182 209 242 287 407 437 596 656 740 889 983 990 994 1012 1020 1042 1101 1107 1193 1220 1224 1326 1328 1337 1349 1403 1487 1556 1634 1751 1759 1773 1800 1848 1872 1940 1962 2011 2015 2053 2080 2171 2178 2199 2315 2320 2376 2396 2487 2625 2658 2663 2670 2711 2783 2825 2828 2834 2843 2852 2889 5292 5307 5313 5314 5343 5352 5377 5378 5392 5397 5414 5417 5449 5484 5489 5528 5545 5568 5642 5651 5670 5693 5705 5718 5723 5728 5743 5751 5757 5763 5764 5772 5775 5776 5788 5792 5796 5797 5798 5801 5809 5813 5816 5822 5823 5834 5835 5837 5838 5853 5856 5865 5872 5879 5885 5886 5894 5897 5925 5928 5942 6006 6011 6020 6037 6042 6043 6044 6046 6051 6075 6086 6087 6091 6103 6113 6114 6118 6119 6128 6144 6154 6178 6185 6186 11457 11465 
	}
	weather={
	}
}
