
strategic_region={
	id=26
	name="AIR_26"
	provinces={
		187 209 440 656 903 944 990 1189 1303 1349 1391 1487 1489 1562 1583 1751 1762 1803 1835 1880 2001 2023 2046 2080 2178 2183 2303 2328 2396 2629 2630 2658 2783 2840 2846 2852 5371 5413 5433 5446 5448 5449 5452 5453 5466 5471 5472 5473 5489 5496 5506 5507 5511 5525 5528 5531 5532 5535 5536 5558 5560 5561 5564 5567 5573 5587 5588 5589 5595 5608 5612 5617 5624 5626 5627 5633 5649 5650 5651 5656 5667 5668 5669 5685 5690 5693 5697 5698 5705 5715 5718 5722 5723 5735 5736 5750 5756 5757 5772 5775 5788 5792 5796 5797 5801 5809 5816 5822 5823 5837 5853 5856 11461 11466 
	}
	weather={
	}
}
