
strategic_region={
	id=27
	name="AIR_27"
	provinces={
		174 348 423 566 645 666 747 786 890 1101 1220 1305 1384 1385 1459 1472 1595 1622 1694 1773 1801 1877 1922 2070 2109 2152 2205 2310 2505 2528 2650 2738 2769 2786 2793 2882 2898 4839 4844 4860 4870 4875 4893 4898 4902 4903 4906 4922 4926 4934 4935 4946 4958 4970 4976 4998 5007 5015 5022 5041 5048 5060 5080 5086 5089 5095 5100 5116 5123 5124 5128 5149 5163 5169 5175 5195 5203 5209 5215 5221 5230 5231 5241 5250 5255 5262 5265 5268 5272 5287 5291 5292 5298 5299 5306 5309 5313 5320 5326 5333 5345 5377 5392 5397 5417 5422 5443 11438 11439 11444 11445 11448 11450 11451 11454 
	}
	weather={
	}
}
