
strategic_region={
	id=7
	name="AIR_7"
	provinces={
		86 260 289 619 820 825 905 1182 1421 1430 1570 1680 1828 1843 1847 1894 1910 2059 2068 2083 2168 2170 2279 2585 2633 2763 2851 5644 5691 5725 5732 5828 5866 5891 5906 5910 5943 5951 5958 5962 5981 5982 5983 5988 5995 6012 6013 6027 6028 6029 6052 6053 6057 6062 6066 6071 6072 6092 6093 6094 6104 6105 6106 6109 6115 6124 6129 6132 6137 6140 6143 6145 6146 6156 6157 6169 6170 6172 6175 6176 6179 6195 6198 6202 6203 6216 6218 6219 6784 6785 6786 6787 11478 
	}
	weather={
	}
}
