
strategic_region={
	id=61
	name="DOT_STRATEGICREGIONS_61"
	provinces={
		205 522 765 910 1236 1678 1692 2191 2484 2753 2803 2899 2973 2977 2978 2983 2985 2987 2999 3001 3035 3036 3046 3057 3062 3072 3076 3082 3084 3096 3103 3104 3113 3114 3116 3118 6862 6931 6985 7169 7242 7312 7328 7338 7387 7408 7590 7733 7745 7746 7753 7909 7912 7937 8098 8160 8287 8306 8351 8416 8441 8646 8727 8774 8777 8795 8853 8869 8936 8958 9095 9098 9116 9175 9354 9474 9695 9713 9814 9821 9838 9846 10043 10070 10095 10124 10266 10275 10376 10403 10564 10709 10763 10851 10867 10869 10899 
	}
	weather={
	}
}
